#JOSM PicLayer plugin calibration data
#Thu Oct 19 07:16:12 EDT 2023
INITIAL_SCALE=778.6110328108614
M00=0.014108150433700084
M01=-2.259530919556622E-4
M02=2.5326660346092646
M10=2.955239295650542E-4
M11=0.014030570404190918
M12=5.197705197095886
POSITION_X=-8573844.26434648
POSITION_Y=4706160.4449706795
