#JOSM PicLayer plugin calibration data
#Thu Oct 19 03:50:35 EDT 2023
INITIAL_SCALE=32.36972110264899
M00=0.33790331484951763
M01=-0.004942994961760019
M02=-0.9235462054163771
M10=0.004982714229085162
M11=0.34308854172649567
M12=-1.6139203462292975
POSITION_X=-8573818.171701077
POSITION_Y=4706107.567720204
